900 2 1
0 0 1.00658e-06
0 0.1 2.70118e-06
0 0.2 7.21315e-06
0 0.3 1.9075e-05
0 0.4 4.97235e-05
0 0.5 0.000127207
0 0.6 0.000318089
0 0.7 0.000774548
0 0.8 0.00183023
0 0.9 0.00418279
0 1 0.00921278
0 1.1 0.0194723
0 1.2 0.0392672
0 1.3 0.0749354
0 1.4 0.133871
0 1.5 0.221155
0 1.6 0.334445
0 1.7 0.461575
0 1.8 0.58528
0 1.9 0.691797
0 2 0.775478
0 2.1 0.837382
0 2.2 0.881659
0 2.3 0.912869
0 2.4 0.93483
0 2.5 0.950378
0 2.6 0.961505
0 2.7 0.969575
0 2.8 0.975514
0 2.9 0.979948
0.1 0 1.17642e-06
0.1 0.1 3.15695e-06
0.1 0.2 8.43021e-06
0.1 0.3 2.22935e-05
0.1 0.4 5.81128e-05
0.1 0.5 0.000148667
0.1 0.6 0.00037174
0.1 0.7 0.000905118
0.1 0.8 0.00213838
0.1 0.9 0.0048851
0.1 1 0.0107505
0.1 1.1 0.0226834
0.1 1.2 0.0455906
0.1 1.3 0.0864857
0.1 1.4 0.153003
0.1 1.5 0.249173
0.1 1.6 0.369997
0.1 1.7 0.500478
0.1 1.8 0.622555
0.1 1.9 0.724012
0.1 2 0.801456
0.1 2.1 0.857514
0.1 2.2 0.896984
0.1 2.3 0.924498
0.1 2.4 0.943709
0.1 2.5 0.957235
0.1 2.6 0.966878
0.1 2.7 0.973853
0.1 2.8 0.978974
0.1 2.9 0.982793
0.2 0 1.37385e-06
0.2 0.1 3.68676e-06
0.2 0.2 9.84497e-06
0.2 0.3 2.60347e-05
0.2 0.4 6.78648e-05
0.2 0.5 0.000173613
0.2 0.6 0.000434099
0.2 0.7 0.00105686
0.2 0.8 0.00249635
0.2 0.9 0.00570026
0.2 1 0.0125321
0.2 1.1 0.0263897
0.2 1.2 0.0528375
0.2 1.3 0.099555
0.2 1.4 0.174207
0.2 1.5 0.27931
0.2 1.6 0.406829
0.2 1.7 0.539183
0.2 1.8 0.658259
0.2 1.9 0.753913
0.2 2 0.824995
0.2 2.1 0.87544
0.2 2.2 0.910462
0.2 2.3 0.934639
0.2 2.4 0.951405
0.2 2.5 0.963154
0.2 2.6 0.971502
0.2 2.7 0.977526
0.2 2.8 0.981941
0.2 2.9 0.985229
0.3 0 1.60194e-06
0.3 0.1 4.29886e-06
0.3 0.2 1.14795e-05
0.3 0.3 3.03571e-05
0.3 0.4 7.91314e-05
0.3 0.5 0.000202432
0.3 0.6 0.000506135
0.3 0.7 0.00123211
0.3 0.8 0.00290961
0.3 0.9 0.00664038
0.3 1 0.0145825
0.3 1.1 0.0306369
0.3 1.2 0.0610743
0.3 1.3 0.114196
0.3 1.4 0.197421
0.3 1.5 0.311249
0.3 1.6 0.44436
0.3 1.7 0.577046
0.3 1.8 0.691928
0.3 1.9 0.78129
0.3 2 0.846078
0.3 2.1 0.891247
0.3 2.2 0.92222
0.3 2.3 0.943419
0.3 2.4 0.958034
0.3 2.5 0.968234
0.3 2.6 0.975461
0.3 2.7 0.980664
0.3 2.8 0.984473
0.3 2.9 0.987306
0.4 0 1.86368e-06
0.4 0.1 5.00123e-06
0.4 0.2 1.33551e-05
0.4 0.3 3.53169e-05
0.4 0.4 9.20592e-05
0.4 0.5 0.000235499
0.4 0.6 0.000588783
0.4 0.7 0.00143313
0.4 0.8 0.0033834
0.4 0.9 0.00771696
0.4 1 0.0169247
0.4 1.1 0.035465
0.4 1.2 0.070351
0.4 1.3 0.130421
0.4 1.4 0.2225
0.4 1.5 0.34458
0.4 1.6 0.48197
0.4 1.7 0.613487
0.4 1.8 0.723219
0.4 1.9 0.806048
0.4 2 0.864772
0.4 2.1 0.90507
0.4 2.2 0.932405
0.4 2.3 0.950976
0.4 2.4 0.963714
0.4 2.5 0.972573
0.4 2.6 0.978834
0.4 2.7 0.983334
0.4 2.8 0.986624
0.4 2.9 0.989069
0.5 0 2.16178e-06
0.5 0.1 5.8012e-06
0.5 0.2 1.54912e-05
0.5 0.3 4.09657e-05
0.5 0.4 0.000106783
0.5 0.5 0.000273157
0.5 0.6 0.000682896
0.5 0.7 0.00166199
0.5 0.8 0.00392246
0.5 0.9 0.00894028
0.5 1 0.0195789
0.5 1.1 0.0409057
0.5 1.2 0.0806959
0.5 1.3 0.148191
0.5 1.4 0.24922
0.5 1.5 0.378818
0.5 1.6 0.519048
0.5 1.7 0.648026
0.5 1.8 0.751918
0.5 1.9 0.828198
0.5 2 0.881204
0.5 2.1 0.917075
0.5 2.2 0.941178
0.5 2.3 0.957448
0.5 2.4 0.96856
0.5 2.5 0.976265
0.5 2.6 0.981699
0.5 2.7 0.985599
0.5 2.8 0.988447
0.5 2.9 0.990562
0.6 0 2.49859e-06
0.6 0.1 6.70502e-06
0.6 0.2 1.79047e-05
0.6 0.3 4.73479e-05
0.6 0.4 0.000123418
0.6 0.5 0.000315702
0.6 0.6 0.000789208
0.6 0.7 0.00192043
0.6 0.8 0.00453082
0.6 0.9 0.0103188
0.6 1 0.0225605
0.6 1.1 0.0469795
0.6 1.2 0.0921102
0.6 1.3 0.167414
0.6 1.4 0.277282
0.6 1.5 0.413437
0.6 1.6 0.555032
0.6 1.7 0.680303
0.6 1.8 0.777932
0.6 1.9 0.847833
0.6 2 0.895545
0.6 2.1 0.927442
0.6 2.2 0.9487
0.6 2.3 0.962972
0.6 2.4 0.972682
0.6 2.5 0.979399
0.6 2.6 0.984127
0.6 2.7 0.987516
0.6 2.8 0.989989
0.6 2.9 0.991824
0.7 0 2.87589e-06
0.7 0.1 7.71753e-06
0.7 0.2 2.06085e-05
0.7 0.3 5.44975e-05
0.7 0.4 0.000142052
0.7 0.5 0.000363358
0.7 0.6 0.000908277
0.7 0.7 0.00220979
0.7 0.8 0.00521144
0.7 0.9 0.0118586
0.7 1 0.0258791
0.7 1.1 0.0536929
0.7 1.2 0.104565
0.7 1.3 0.187944
0.7 1.4 0.306327
0.7 1.5 0.447906
0.7 1.6 0.589443
0.7 1.7 0.710087
0.7 1.8 0.801277
0.7 1.9 0.865104
0.7 2 0.907988
0.7 2.1 0.936356
0.7 2.2 0.955128
0.7 2.3 0.967673
0.7 2.4 0.976181
0.7 2.5 0.982053
0.7 2.6 0.986181
0.7 2.7 0.989136
0.7 2.8 0.991291
0.7 2.9 0.992889
0.8 0 3.29483e-06
0.8 0.1 8.84174e-06
0.8 0.2 2.36104e-05
0.8 0.3 6.24357e-05
0.8 0.4 0.000162742
0.8 0.5 0.000416267
0.8 0.6 0.00104045
0.8 0.7 0.00253087
0.8 0.8 0.00596607
0.8 0.9 0.0135626
0.8 1 0.0295376
0.8 1.1 0.0610369
0.8 1.2 0.118
0.8 1.3 0.209583
0.8 1.4 0.335959
0.8 1.5 0.481721
0.8 1.6 0.621907
0.8 1.7 0.737264
0.8 1.8 0.822048
0.8 1.9 0.880201
0.8 2 0.918737
0.8 2.1 0.943995
0.8 2.2 0.960609
0.8 2.3 0.971667
0.8 2.4 0.979146
0.8 2.5 0.984299
0.8 2.6 0.987917
0.8 2.7 0.990505
0.8 2.8 0.99239
0.8 2.9 0.993788
0.9 0 3.75571e-06
0.9 0.1 1.00785e-05
0.9 0.2 2.6913e-05
0.9 0.3 7.11686e-05
0.9 0.4 0.000185502
0.9 0.5 0.000474467
0.9 0.6 0.00118581
0.9 0.7 0.00288387
0.9 0.8 0.00679494
0.9 0.9 0.0154304
0.9 1 0.0335308
0.9 1.1 0.0689858
0.9 1.2 0.132322
0.9 1.3 0.232096
0.9 1.4 0.365764
0.9 1.5 0.51444
0.9 1.6 0.652167
0.9 1.7 0.761826
0.9 1.8 0.840401
0.9 1.9 0.893334
0.9 2 0.927991
0.9 2.1 0.950528
0.9 2.2 0.965275
0.9 2.3 0.975057
0.9 2.4 0.981659
0.9 2.5 0.986199
0.9 2.6 0.989384
0.9 2.7 0.99166
0.9 2.8 0.993318
0.9 2.9 0.994546
1 0 4.25798e-06
1 0.1 1.14264e-05
1 0.2 3.05121e-05
1 0.3 8.06857e-05
1 0.4 0.000210305
1 0.5 0.000537886
1 0.6 0.00134419
1 0.7 0.00326829
1 0.8 0.00769667
1 0.9 0.017458
1 1 0.0378454
1 1.1 0.0774968
1 1.2 0.147409
1 1.3 0.255214
1 1.4 0.395341
1 1.5 0.545696
1 1.6 0.68007
1 1.7 0.783849
1 1.8 0.856526
1 1.9 0.904718
1 2 0.935941
1 2.1 0.956107
1 2.2 0.969245
1 2.3 0.977934
1 2.4 0.983787
1 2.5 0.987807
1 2.6 0.990624
1 2.7 0.992637
1 2.8 0.994101
1 2.9 0.995186
1.1 0 4.80016e-06
1.1 0.1 1.28813e-05
1.1 0.2 3.43972e-05
1.1 0.3 9.09586e-05
1.1 0.4 0.000237077
1.1 0.5 0.000606335
1.1 0.6 0.00151509
1.1 0.7 0.00368292
1.1 0.8 0.00866821
1.1 0.9 0.0196373
1.1 1 0.0424597
1.1 1.1 0.0865109
1.1 1.2 0.163118
1.1 1.3 0.278655
1.1 1.4 0.424321
1.1 1.5 0.575212
1.1 1.6 0.705567
1.1 1.7 0.803465
1.1 1.8 0.870635
1.1 1.9 0.91456
1.1 2 0.942762
1.1 2.1 0.960871
1.1 2.2 0.972624
1.1 2.3 0.980378
1.1 2.4 0.985592
1.1 2.5 0.98917
1.1 2.6 0.991674
1.1 2.7 0.993463
1.1 2.8 0.994764
1.1 2.9 0.995728
1.2 0 5.37981e-06
1.2 0.1 1.44368e-05
1.2 0.2 3.85508e-05
1.2 0.3 0.000101942
1.2 0.4 0.000265699
1.2 0.5 0.000679506
1.2 0.6 0.00169774
1.2 0.7 0.00412583
1.2 0.8 0.00970482
1.2 0.9 0.0219567
1.2 1 0.0473443
1.2 1.1 0.0959555
1.2 1.2 0.179284
1.2 1.3 0.302138
1.2 1.4 0.452381
1.2 1.5 0.602802
1.2 1.6 0.728684
1.2 1.7 0.820847
1.2 1.8 0.882942
1.2 1.9 0.923058
1.2 2 0.948613
1.2 2.1 0.964939
1.2 2.2 0.975501
1.2 2.3 0.982455
1.2 2.4 0.987124
1.2 2.5 0.990325
1.2 2.6 0.992565
1.2 2.7 0.994163
1.2 2.8 0.995326
1.2 2.9 0.996186
1.3 0 5.99366e-06
1.3 0.1 1.6084e-05
1.3 0.2 4.29493e-05
1.3 0.3 0.000113572
1.3 0.4 0.000296006
1.3 0.5 0.00075698
1.3 0.6 0.00189108
1.3 0.7 0.00459443
1.3 0.8 0.0108002
1.3 0.9 0.0244008
1.3 1 0.052463
1.3 1.1 0.105746
1.3 1.2 0.195737
1.3 1.3 0.325395
1.3 1.4 0.47926
1.3 1.5 0.628364
1.3 1.6 0.74951
1.3 1.7 0.83619
1.3 1.8 0.893656
1.3 1.9 0.930389
1.3 2 0.953631
1.3 2.1 0.968417
1.3 2.2 0.977955
1.3 2.3 0.984223
1.3 2.4 0.988428
1.3 2.5 0.991308
1.3 2.6 0.993321
1.3 2.7 0.994758
1.3 2.8 0.995802
1.3 2.9 0.996575
1.4 0 6.63759e-06
1.4 0.1 1.7812e-05
1.4 0.2 4.75634e-05
1.4 0.3 0.000125772
1.4 0.4 0.000327798
1.4 0.5 0.000838239
1.4 0.6 0.00209383
1.4 0.7 0.00508553
1.4 0.8 0.0119467
1.4 0.9 0.0269517
1.4 1 0.0577738
1.4 1.1 0.115792
1.4 1.2 0.212301
1.4 1.3 0.348182
1.4 1.4 0.50476
1.4 1.5 0.651866
1.4 1.6 0.768178
1.4 1.7 0.849693
1.4 1.8 0.902972
1.4 1.9 0.936715
1.4 2 0.957941
1.4 2.1 0.971393
1.4 2.2 0.980051
1.4 2.3 0.985732
1.4 2.4 0.989539
1.4 2.5 0.992144
1.4 2.6 0.993965
1.4 2.7 0.995264
1.4 2.8 0.996208
1.4 2.9 0.996907
1.5 0 7.30687e-06
1.5 0.1 1.9608e-05
1.5 0.2 5.23591e-05
1.5 0.3 0.000138452
1.5 0.4 0.000360839
1.5 0.5 0.000922682
1.5 0.6 0.00230447
1.5 0.7 0.00559544
1.5 0.8 0.0131355
1.5 0.9 0.0295889
1.5 1 0.0632309
1.5 1.1 0.125996
1.5 1.2 0.22881
1.5 1.3 0.37029
1.5 1.4 0.528745
1.5 1.5 0.673337
1.5 1.6 0.784843
1.5 1.7 0.861554
1.5 1.8 0.911069
1.5 1.9 0.942177
1.5 2 0.961645
1.5 2.1 0.973945
1.5 2.2 0.981845
1.5 2.3 0.987022
1.5 2.4 0.990488
1.5 2.5 0.992859
1.5 2.6 0.994515
1.5 2.7 0.995696
1.5 2.8 0.996554
1.5 2.9 0.997189
1.6 0 7.99624e-06
1.6 0.1 2.14579e-05
1.6 0.2 5.72987e-05
1.6 0.3 0.000151513
1.6 0.4 0.000394869
1.6 0.5 0.00100965
1.6 0.6 0.00252134
1.6 0.7 0.00612012
1.6 0.8 0.0143569
1.6 0.9 0.0322904
1.6 1 0.0687862
1.6 1.1 0.136264
1.6 1.2 0.245106
1.6 1.3 0.391547
1.6 1.4 0.551137
1.6 1.5 0.69285
1.6 1.6 0.799677
1.6 1.7 0.871962
1.6 1.8 0.918108
1.6 1.9 0.946897
1.6 2 0.964836
1.6 2.1 0.976138
1.6 2.2 0.983384
1.6 2.3 0.988128
1.6 2.4 0.991301
1.6 2.5 0.99347
1.6 2.6 0.994985
1.6 2.7 0.996065
1.6 2.8 0.99685
1.6 2.9 0.997431
1.7 0 8.70013e-06
1.7 0.1 2.33468e-05
1.7 0.2 6.23423e-05
1.7 0.3 0.000164848
1.7 0.4 0.000429614
1.7 0.5 0.00109843
1.7 0.6 0.00274268
1.7 0.7 0.00665528
1.7 0.8 0.0156011
1.7 0.9 0.0350333
1.7 1 0.0743909
1.7 1.1 0.146502
1.7 1.2 0.26105
1.7 1.3 0.41182
1.7 1.4 0.571906
1.7 1.5 0.710506
1.7 1.6 0.812851
1.7 1.7 0.881089
1.7 1.8 0.924231
1.7 1.9 0.950983
1.7 2 0.967589
1.7 2.1 0.978026
1.7 2.2 0.984708
1.7 2.3 0.989078
1.7 2.4 0.991999
1.7 2.5 0.993995
1.7 2.6 0.995389
1.7 2.7 0.996383
1.7 2.8 0.997104
1.7 2.9 0.997638
1.8 0 9.41283e-06
1.8 0.1 2.52593e-05
1.8 0.2 6.7449e-05
1.8 0.3 0.00017835
1.8 0.4 0.000464791
1.8 0.5 0.0011883
1.8 0.6 0.00296669
1.8 0.7 0.00719655
1.8 0.8 0.0168575
1.8 0.9 0.0377947
1.8 1 0.0799974
1.8 1.1 0.156623
1.8 1.2 0.276522
1.8 1.3 0.431015
1.8 1.4 0.591065
1.8 1.5 0.726429
1.8 1.6 0.824535
1.8 1.7 0.889094
1.8 1.8 0.929564
1.8 1.9 0.954525
1.8 2 0.969969
1.8 2.1 0.979656
1.8 2.2 0.98585
1.8 2.3 0.989896
1.8 2.4 0.9926
1.8 2.5 0.994448
1.8 2.6 0.995737
1.8 2.7 0.996656
1.8 2.8 0.997323
1.8 2.9 0.997817
1.9 0 1.01287e-05
1.9 0.1 2.71802e-05
1.9 0.2 7.2578e-05
1.9 0.3 0.000191911
1.9 0.4 0.00050012
1.9 0.5 0.00127856
1.9 0.6 0.00319159
1.9 0.7 0.00773961
1.9 0.8 0.0181163
1.9 0.9 0.0405524
1.9 1 0.0855606
1.9 1.1 0.166551
1.9 1.2 0.291423
1.9 1.3 0.449073
1.9 1.4 0.608656
1.9 1.5 0.740751
1.9 1.6 0.834888
1.9 1.7 0.896118
1.9 1.8 0.934215
1.9 1.9 0.957603
1.9 2 0.972032
1.9 2.1 0.981066
1.9 2.2 0.986836
1.9 2.3 0.990604
1.9 2.4 0.99312
1.9 2.5 0.994838
1.9 2.6 0.996037
1.9 2.7 0.996891
1.9 2.8 0.997512
1.9 2.9 0.997971
2 0 1.08421e-05
2 0.1 2.90947e-05
2 0.2 7.76901e-05
2 0.3 0.000205426
2 0.4 0.000535331
2 0.5 0.0013685
2 0.6 0.00341564
2 0.7 0.00828028
2 0.8 0.0193677
2 0.9 0.0432853
2 1 0.0910389
2 1.1 0.176215
2 1.2 0.305676
2 1.3 0.465967
2 1.4 0.624745
2 1.5 0.753608
2 1.6 0.844059
2 1.7 0.902286
2 1.8 0.938277
2 1.9 0.960282
2 2 0.973824
2 2.1 0.98229
2 2.2 0.987692
2 2.3 0.991217
2 2.4 0.993569
2 2.5 0.995176
2 2.6 0.996297
2 2.7 0.997095
2 2.8 0.997675
2 2.9 0.998104
2.1 0 1.15481e-05
2.1 0.1 3.09891e-05
2.1 0.2 8.27484e-05
2.1 0.3 0.000218799
2.1 0.4 0.000570168
2.1 0.5 0.00145747
2.1 0.6 0.00363723
2.1 0.7 0.00881469
2.1 0.8 0.0206028
2.1 0.9 0.0459742
2.1 1 0.0963953
2.1 1.1 0.18556
2.1 1.2 0.319226
2.1 1.3 0.481692
2.1 1.4 0.639413
2.1 1.5 0.765133
2.1 1.6 0.852183
2.1 1.7 0.907708
2.1 1.8 0.94183
2.1 1.9 0.96262
2.1 2 0.975385
2.1 2.1 0.983355
2.1 2.2 0.988436
2.1 2.3 0.991749
2.1 2.4 0.99396
2.1 2.5 0.99547
2.1 2.6 0.996522
2.1 2.7 0.997272
2.1 2.8 0.997817
2.1 2.9 0.99822
2.2 0 1.22418e-05
2.2 0.1 3.28507e-05
2.2 0.2 8.7719e-05
2.2 0.3 0.000231941
2.2 0.4 0.0006044
2.2 0.5 0.00154489
2.2 0.6 0.0038549
2.2 0.7 0.00933928
2.2 0.8 0.0218135
2.2 0.9 0.0486018
2.2 1 0.101598
2.2 1.1 0.194539
2.2 1.2 0.332035
2.2 1.3 0.496269
2.2 1.4 0.652752
2.2 1.5 0.775454
2.2 1.6 0.859382
2.2 1.7 0.912481
2.2 1.8 0.944945
2.2 1.9 0.964663
2.2 2 0.976748
2.2 2.1 0.984283
2.2 2.2 0.989084
2.2 2.3 0.992213
2.2 2.4 0.994301
2.2 2.5 0.995725
2.2 2.6 0.996719
2.2 2.7 0.997427
2.2 2.8 0.99794
2.2 2.9 0.99832
2.3 0 1.29191e-05
2.3 0.1 3.46682e-05
2.3 0.2 9.25719e-05
2.3 0.3 0.00024477
2.3 0.4 0.000637819
2.3 0.5 0.00163023
2.3 0.6 0.00406731
2.3 0.7 0.00985091
2.3 0.8 0.0229927
2.3 0.9 0.0511533
2.3 1 0.10662
2.3 1.1 0.203116
2.3 1.2 0.344085
2.3 1.3 0.509731
2.3 1.4 0.664856
2.3 1.5 0.784692
2.3 1.6 0.865765
2.3 1.7 0.916687
2.3 1.8 0.947681
2.3 1.9 0.966453
2.3 2 0.97794
2.3 2.1 0.985095
2.3 2.2 0.98965
2.3 2.3 0.992618
2.3 2.4 0.994598
2.3 2.5 0.995948
2.3 2.6 0.99689
2.3 2.7 0.997561
2.3 2.8 0.998048
2.3 2.9 0.998408
2.4 0 1.35764e-05
2.4 0.1 3.64319e-05
2.4 0.2 9.72812e-05
2.4 0.3 0.00025722
2.4 0.4 0.000670247
2.4 0.5 0.00171303
2.4 0.6 0.00427336
2.4 0.7 0.0103469
2.4 0.8 0.0241343
2.4 0.9 0.0536163
2.4 1 0.11144
2.4 1.1 0.211267
2.4 1.2 0.35537
2.4 1.3 0.522124
2.4 1.4 0.675821
2.4 1.5 0.792957
2.4 1.6 0.871428
2.4 1.7 0.920399
2.4 1.8 0.950087
2.4 1.9 0.968026
2.4 2 0.978985
2.4 2.1 0.985806
2.4 2.2 0.990146
2.4 2.3 0.992973
2.4 2.4 0.994858
2.4 2.5 0.996144
2.4 2.6 0.99704
2.4 2.7 0.997679
2.4 2.8 0.998142
2.4 2.9 0.998485
2.5 0 1.42106e-05
2.5 0.1 3.81338e-05
2.5 0.2 0.000101825
2.5 0.3 0.000269233
2.5 0.4 0.000701535
2.5 0.5 0.00179291
2.5 0.6 0.0044721
2.5 0.7 0.010825
2.5 0.8 0.0252332
2.5 0.9 0.0559807
2.5 1 0.116042
2.5 1.1 0.218975
2.5 1.2 0.365897
2.5 1.3 0.533502
2.5 1.4 0.685743
2.5 1.5 0.800353
2.5 1.6 0.876457
2.5 1.7 0.923681
2.5 1.8 0.952208
2.5 1.9 0.969409
2.5 2 0.979904
2.5 2.1 0.986431
2.5 2.2 0.990582
2.5 2.3 0.993285
2.5 2.4 0.995086
2.5 2.5 0.996315
2.5 2.6 0.997172
2.5 2.7 0.997782
2.5 2.8 0.998225
2.5 2.9 0.998553
2.6 0 1.48193e-05
2.6 0.1 3.97672e-05
2.6 0.2 0.000106186
2.6 0.3 0.000280763
2.6 0.4 0.000731565
2.6 0.5 0.00186957
2.6 0.6 0.00466277
2.6 0.7 0.0112835
2.6 0.8 0.0262857
2.6 0.9 0.0582391
2.6 1 0.120414
2.6 1.1 0.226233
2.6 1.2 0.375682
2.6 1.3 0.543925
2.6 1.4 0.69471
2.6 1.5 0.806971
2.6 1.6 0.880928
2.6 1.7 0.926586
2.6 1.8 0.954081
2.6 1.9 0.970629
2.6 2 0.980714
2.6 2.1 0.986981
2.6 2.2 0.990965
2.6 2.3 0.993559
2.6 2.4 0.995287
2.6 2.5 0.996466
2.6 2.6 0.997288
2.6 2.7 0.997873
2.6 2.8 0.998298
2.6 2.9 0.998612
2.7 0 1.54007e-05
2.7 0.1 4.13273e-05
2.7 0.2 0.000110352
2.7 0.3 0.000291774
2.7 0.4 0.000760243
2.7 0.5 0.00194277
2.7 0.6 0.00484481
2.7 0.7 0.011721
2.7 0.8 0.0272888
2.7 0.9 0.0603859
2.7 1 0.124549
2.7 1.1 0.23304
2.7 1.2 0.38475
2.7 1.3 0.553454
2.7 1.4 0.70281
2.7 1.5 0.812894
2.7 1.6 0.884905
2.7 1.7 0.929161
2.7 1.8 0.955738
2.7 1.9 0.971706
2.7 2 0.981428
2.7 2.1 0.987467
2.7 2.2 0.991304
2.7 2.3 0.9938
2.7 2.4 0.995464
2.7 2.5 0.996599
2.7 2.6 0.99739
2.7 2.7 0.997953
2.7 2.8 0.998362
2.7 2.9 0.998664
2.8 0 1.59534e-05
2.8 0.1 4.28105e-05
2.8 0.2 0.000114312
2.8 0.3 0.000302243
2.8 0.4 0.000787507
2.8 0.5 0.00201236
2.8 0.6 0.00501782
2.8 0.7 0.0121365
2.8 0.8 0.0282406
2.8 0.9 0.0624179
2.8 1 0.128445
2.8 1.1 0.239402
2.8 1.2 0.39313
2.8 1.3 0.562151
2.8 1.4 0.710122
2.8 1.5 0.818198
2.8 1.6 0.888448
2.8 1.7 0.931447
2.8 1.8 0.957206
2.8 1.9 0.97266
2.8 2 0.98206
2.8 2.1 0.987896
2.8 2.2 0.991602
2.8 2.3 0.994014
2.8 2.4 0.995621
2.8 2.5 0.996716
2.8 2.6 0.99748
2.8 2.7 0.998024
2.8 2.8 0.998419
2.8 2.9 0.998711
2.9 0 1.64767e-05
2.9 0.1 4.42147e-05
2.9 0.2 0.000118061
2.9 0.3 0.000312154
2.9 0.4 0.000813317
2.9 0.5 0.00207823
2.9 0.6 0.00518156
2.9 0.7 0.0125297
2.9 0.8 0.0291399
2.9 0.9 0.0643336
2.9 1 0.132102
2.9 1.1 0.245328
2.9 1.2 0.400856
2.9 1.3 0.570078
2.9 1.4 0.71672
2.9 1.5 0.82295
2.9 1.6 0.891607
2.9 1.7 0.933479
2.9 1.8 0.958509
2.9 1.9 0.973505
2.9 2 0.98262
2.9 2.1 0.988276
2.9 2.2 0.991867
2.9 2.3 0.994203
2.9 2.4 0.995759
2.9 2.5 0.99682
2.9 2.6 0.99756
2.9 2.7 0.998087
2.9 2.8 0.998469
2.9 2.9 0.998752
