500 2 1
0.334 -0.317 1
-0.298 0.922 1
-0.724 -0.104 1
-0.408 -0.502 1
0.234 0.211 1
0.283 0.145 1
0.151 0.289 1
-0.629 0.641 1
-0.385 -0.480 1
-0.779 -0.162 1
0.050 0.236 1
-0.112 0.951 1
-0.786 0.489 1
0.368 0.140 1
0.368 0.093 1
0.354 0.088 1
0.449 -0.155 1
-0.062 -0.562 1
0.215 -0.424 1
0.398 -0.147 1
-0.396 -0.504 1
0.285 0.191 1
0.471 -0.046 1
0.425 -0.276 1
0.162 -0.490 1
-0.796 0.185 1
0.386 0.108 1
-0.027 -0.627 1
-0.334 -0.609 1
0.113 0.280 1
-0.370 -0.485 1
0.281 0.231 1
0.092 0.301 1
-0.345 0.920 1
-0.189 0.987 1
-0.837 0.366 1
0.419 -0.096 1
0.173 0.202 1
-0.700 -0.297 1
0.221 -0.550 1
0.154 0.279 1
-0.033 -0.571 1
0.097 0.195 1
-0.507 0.806 1
0.365 0.001 1
-0.609 -0.389 1
0.456 -0.210 1
-0.105 -0.578 1
-0.160 -0.596 1
0.273 0.180 1
-0.233 0.963 1
-0.794 0.181 1
-0.338 0.893 1
-0.534 0.735 1
-0.353 -0.495 1
-0.371 0.818 1
0.152 0.190 1
0.320 0.066 1
0.111 0.266 1
0.386 -0.186 1
0.327 -0.355 1
0.366 -0.084 1
-0.808 0.369 1
0.445 -0.354 1
0.465 -0.093 1
-0.134 -0.589 1
0.237 0.191 1
-0.826 0.270 1
0.081 0.290 1
-0.105 0.970 1
-0.791 0.123 1
0.374 0.157 1
0.035 0.198 1
-0.797 0.362 1
-0.668 -0.150 1
-0.734 -0.038 1
-0.791 0.071 1
0.138 0.292 1
0.374 -0.298 1
0.170 0.195 1
-0.682 0.581 1
-0.446 -0.428 1
0.350 -0.218 1
0.056 0.216 1
0.364 -0.142 1
0.357 -0.233 1
-0.720 -0.145 1
-0.504 -0.498 1
-0.584 0.648 1
0.057 -0.602 1
0.208 0.177 1
-0.742 -0.150 1
-0.836 0.022 1
-0.243 -0.610 1
-0.810 0.165 1
0.046 -0.587 1
-0.063 -0.580 1
0.187 -0.518 1
0.027 0.185 1
0.202 0.172 1
0.052 0.186 1
-0.480 -0.482 1
0.441 -0.210 1
-0.067 -0.647 1
-0.552 0.730 1
0.423 0.005 1
0.228 -0.474 1
-0.781 0.019 1
0.441 0.059 1
0.138 0.262 1
0.410 -0.157 1
0.304 0.219 1
-0.399 0.873 1
-0.773 0.256 1
-0.459 -0.415 1
-0.651 0.678 1
-0.725 0.230 1
0.379 0.114 1
-0.599 0.756 1
-0.200 -0.570 1
-0.830 0.265 1
-0.607 0.696 1
0.368 -0.196 1
0.214 0.227 1
0.330 0.075 1
0.223 -0.492 1
-0.722 0.355 1
-0.731 0.606 1
0.057 0.153 1
-0.061 -0.627 1
0.223 -0.426 1
0.403 0.123 1
0.226 0.224 1
0.454 -0.233 1
-0.296 0.847 1
0.455 -0.201 1
-0.092 -0.596 1
-0.759 -0.245 1
0.409 -0.341 1
-0.125 0.949 1
-0.156 0.885 1
0.396 -0.019 1
0.002 -0.623 1
0.459 -0.152 1
0.403 -0.133 1
0.115 0.280 1
-0.381 -0.508 1
-0.011 -0.568 1
0.116 0.272 1
0.454 -0.068 1
-0.545 0.728 1
0.448 0.038 1
0.257 0.212 1
0.088 -0.548 1
-0.103 0.979 1
0.449 -0.020 1
-0.654 -0.364 1
-0.857 0.049 1
0.446 0.056 1
-0.815 -0.089 1
0.348 -0.342 1
-0.454 -0.404 1
-0.458 -0.449 1
-0.122 -0.635 1
0.170 0.186 1
-0.741 0.405 1
0.392 -0.220 1
0.306 0.100 1
0.088 0.192 1
-0.322 -0.582 1
-0.618 -0.358 1
0.067 0.269 1
-0.090 -0.650 1
0.382 0.067 1
-0.611 -0.439 1
0.314 0.223 1
-0.697 -0.313 1
0.388 -0.389 1
-0.377 0.938 1
0.194 0.254 1
0.358 -0.207 1
0.230 0.196 1
-0.403 0.798 1
-0.668 0.673 1
0.359 0.042 1
-0.578 -0.373 1
-0.821 0.365 1
-0.169 -0.623 1
-0.081 -0.568 1
0.346 -0.012 1
0.106 0.213 1
-0.480 0.728 1
-0.544 0.751 1
-0.530 -0.496 1
0.445 -0.290 1
0.452 -0.256 1
-0.698 -0.136 1
-0.510 0.747 1
-0.597 0.651 1
-0.850 0.158 1
-0.510 -0.433 1
0.149 0.181 1
0.277 0.160 1
-0.485 0.696 1
-0.464 -0.582 1
0.019 0.276 1
0.112 0.210 1
-0.618 -0.329 1
-0.042 0.180 1
0.237 0.205 1
-0.232 -0.565 1
-0.673 -0.248 1
-0.547 -0.410 1
0.391 0.057 1
-0.678 -0.192 1
0.379 0.093 1
0.388 -0.159 1
-0.738 0.049 1
-0.605 -0.462 1
-0.644 0.548 1
-0.658 -0.333 1
-0.204 -0.625 1
0.102 0.180 1
0.421 -0.293 1
0.420 -0.022 1
0.463 0.066 1
-0.210 0.922 1
0.333 -0.355 1
-0.503 0.678 1
-0.504 -0.511 1
-0.774 0.196 1
0.023 -0.551 1
-0.304 -0.554 1
0.052 -0.579 1
0.352 0.110 1
-0.704 -0.078 1
0.365 -0.087 1
0.013 0.264 1
-0.499 -0.435 1
0.362 0.143 1
-0.344 0.885 1
-0.250 0.901 1
-0.493 0.837 1
0.328 -0.330 1
0.024 0.184 1
-0.419 0.903 1
0.254 -0.492 1
-0.247 0.960 1
-0.151 1.000 1
-0.631 0.553 1
-0.393 0.318 0
0.355 -0.897 0
0.800 0.143 0
0.379 0.587 0
-0.306 -0.133 0
-0.223 -0.152 0
-0.064 -0.197 0
0.674 -0.540 0
0.460 0.521 0
0.781 0.205 0
-0.064 -0.241 0
0.166 -0.884 0
0.724 -0.362 0
-0.319 -0.137 0
-0.364 -0.109 0
-0.298 -0.078 0
-0.375 0.115 0
0.151 0.626 0
-0.237 0.554 0
-0.368 0.059 0
0.402 0.556 0
-0.186 -0.216 0
-0.456 0.175 0
-0.370 0.395 0
-0.108 0.605 0
0.767 -0.176 0
-0.367 -0.058 0
0.090 0.657 0
0.403 0.545 0
-0.042 -0.176 0
0.459 0.482 0
-0.280 -0.140 0
-0.123 -0.256 0
0.289 -0.945 0
0.175 -0.991 0
0.846 -0.269 0
-0.397 0.136 0
-0.164 -0.190 0
0.684 0.251 0
-0.137 0.495 0
-0.241 -0.200 0
0.001 0.637 0
-0.040 -0.236 0
0.520 -0.753 0
-0.457 0.079 0
0.674 0.402 0
-0.351 0.143 0
0.093 0.556 0
0.216 0.662 0
-0.256 -0.190 0
0.218 -0.897 0
0.769 -0.117 0
0.369 -0.816 0
0.581 -0.674 0
0.388 0.622 0
0.477 -0.833 0
-0.079 -0.187 0
-0.273 -0.123 0
-0.064 -0.220 0
-0.449 0.233 0
-0.258 0.444 0
-0.360 0.125 0
0.716 -0.366 0
-0.317 0.298 0
-0.360 0.080 0
0.177 0.646 0
-0.221 -0.222 0
0.788 -0.311 0
-0.165 -0.241 0
0.068 -1.000 0
0.852 -0.131 0
-0.394 -0.139 0
-0.020 -0.253 0
0.772 -0.392 0
0.746 0.274 0
0.833 0.101 0
0.794 -0.115 0
-0.127 -0.200 0
-0.338 0.277 0
-0.192 -0.152 0
0.644 -0.534 0
0.488 0.453 0
-0.441 0.222 0
-0.130 -0.174 0
-0.406 0.231 0
-0.410 0.212 0
0.834 0.122 0
0.528 0.424 0
0.607 -0.617 0
-0.075 0.540 0
-0.255 -0.151 0
0.775 0.202 0
0.770 -0.033 0
0.309 0.608 0
0.769 -0.133 0
-0.026 0.558 0
0.043 0.581 0
-0.166 0.452 0
-0.027 -0.173 0
-0.159 -0.233 0
-0.091 -0.268 0
0.573 0.529 0
-0.442 0.233 0
0.091 0.665 0
0.476 -0.700 0
-0.429 -0.035 0
-0.331 0.439 0
0.804 0.013 0
-0.362 -0.018 0
-0.168 -0.266 0
-0.373 0.154 0
-0.276 -0.200 0
0.412 -0.876 0
0.787 -0.288 0
0.518 0.490 0
0.660 -0.599 0
0.755 -0.321 0
-0.353 -0.079 0
0.622 -0.732 0
0.218 0.570 0
0.779 -0.240 0
0.533 -0.659 0
-0.385 0.241 0
-0.186 -0.174 0
-0.429 -0.025 0
-0.274 0.498 0
0.809 -0.397 0
0.706 -0.570 0
-0.061 -0.213 0
0.014 0.581 0
-0.290 0.497 0
-0.340 -0.058 0
-0.254 -0.260 0
-0.441 0.217 0
0.379 -0.858 0
-0.442 0.157 0
0.099 0.660 0
0.700 0.228 0
-0.412 0.325 0
0.147 -0.937 0
0.262 -0.889 0
-0.346 -0.007 0
0.039 0.625 0
-0.421 0.154 0
-0.386 0.071 0
-0.082 -0.166 0
0.416 0.574 0
0.068 0.627 0
-0.130 -0.175 0
-0.458 0.130 0
0.473 -0.739 0
-0.441 0.025 0
-0.281 -0.160 0
-0.021 0.618 0
0.086 -0.956 0
-0.333 0.020 0
0.696 0.309 0
0.791 -0.003 0
-0.409 0.025 0
0.764 0.054 0
-0.344 0.381 0
0.497 0.434 0
0.547 0.457 0
0.136 0.648 0
-0.131 -0.263 0
0.742 -0.393 0
-0.428 0.245 0
-0.255 -0.126 0
-0.017 -0.278 0
0.324 0.544 0
0.718 0.347 0
-0.016 -0.142 0
0.104 0.629 0
-0.329 -0.078 0
0.562 0.461 0
-0.353 -0.142 0
0.676 0.315 0
-0.318 0.342 0
0.390 -0.830 0
-0.257 -0.187 0
-0.433 0.321 0
-0.139 -0.231 0
0.495 -0.807 0
0.636 -0.581 0
-0.437 -0.022 0
0.590 0.451 0
0.722 -0.316 0
0.278 0.556 0
0.074 0.592 0
-0.373 0.014 0
-0.171 -0.275 0
0.564 -0.711 0
0.563 -0.754 0
0.571 0.494 0
-0.427 0.199 0
-0.441 0.333 0
0.730 0.185 0
0.608 -0.661 0
0.645 -0.647 0
0.825 -0.192 0
0.573 0.486 0
-0.105 -0.282 0
-0.312 -0.225 0
0.604 -0.749 0
0.420 0.541 0
-0.019 -0.164 0
-0.156 -0.194 0
0.573 0.377 0
-0.041 -0.224 0
-0.239 -0.103 0
0.147 0.605 0
0.721 0.269 0
0.561 0.380 0
-0.379 -0.016 0
0.725 0.213 0
-0.397 -0.059 0
-0.372 0.164 0
0.775 0.048 0
0.594 0.450 0
0.715 -0.532 0
0.633 0.461 0
0.334 0.556 0
-0.114 -0.228 0
-0.391 0.395 0
-0.460 0.037 0
-0.415 0.011 0
0.184 -0.964 0
-0.367 0.380 0
0.578 -0.638 0
0.535 0.473 0
0.786 -0.173 0
0.052 0.573 0
0.264 0.554 0
-0.074 0.539 0
-0.297 -0.092 0
0.770 0.125 0
-0.383 0.135 0
-0.034 -0.211 0
0.540 0.502 0
-0.257 -0.182 0
0.392 -0.827 0
0.306 -0.875 0
0.452 -0.755 0
-0.340 0.390 0
-0.030 -0.169 0
0.364 -0.820 0
-0.175 0.447 0
0.163 -0.998 0
0.284 -0.879 0
0.701 -0.507 0
